2 6 321 9388 3340 349 13791 6282 
2 5 6282 6334 9334 9361 11372 
1 5 6332 13794 6402 13792 362 
3 6 514 13872 14536 14505 6441 6521 
2 7 321 11276 11219 375 13788 13787 6521 
3 5 3522 9456 3499 13787 6521 
1 4 3522 9375 526 6377 
1 4 6377 6263 6325 9347 
3 7 6521 11505 9496 3572 6595 552 9570 
2 5 6282 13791 3207 11505 9496 
1 3 6377 3271 3326 
2 4 9347 6325 3271 3326 
1 3 241 374 3326 
1 7 6469 6622 11346 9281 11264 11360 241 
1 2 6469 587 
3 2 6469 495 
1 3 495 6535 11388 
1 4 11388 247 309 3326 
1 6 495 6535 9509 405 3395 6377 
1 4 6469 6570 529 11494 
2 4 11494 3423 9575 11531 
3 5 6488 6444 9486 529 11494 
2 4 11531 11547 11560 6488 
3 5 6488 589 6568 3530 9517 
2 5 11531 563 3558 3530 9517 
3 2 9517 11499 
2 2 11499 708 
1 3 708 3705 692 
1 3 692 11653 9515 
2 4 9517 3530 6542 6712 
1 5 9655 6934 3679 3692 6712 
1 4 9655 11638 6693 692 
1 4 9655 3690 519 11499 
3 5 495 3398 9547 3524 6488 
2 4 9515 3299 571 11544 
1 3 692 9652 707 
1 4 707 3688 6725 9515 
2 4 11499 9545 11529 11544 
2 6 11544 9572 11417 11445 3397 6488 
1 5 6488 3524 6549 9524 3561 
3 5 3522 6487 6582 425 3561 
1 3 3561 6513 564 
1 4 564 11431 9443 495 
1 5 6377 11493 3355 11431 564 
1 4 6488 3524 11533 564 
1 4 3561 425 6582 3535 
1 4 3535 13779 9471 514 
1 4 3535 6582 6487 3522 
2 8 11544 9416 3474 482 6524 13333 538 3535 
1 4 11372 11343 9263 362 
1 15 6521 11505 9496 537 6236 9387 9252 11260 11288 334 389 3380 6402 13794 6332 
1 7 6296 3272 11312 3384 13880 13879 6332 
1 5 3320 13605 327 14726 6296 
3 10 187 2999 11315 3215 11250 3358 11282 13312 13798 6380 
2 4 758 11710 9689 6734 
2 5 11805 3861 799 6924 9817 
1 6 11805 11768 9869 6933 9765 6880 
2 3 6734 9686 11677 
1 4 11677 11692 6955 758 
1 4 9764 854 6927 9824 
2 7 6906 9896 6817 3873 6966 6812 9764 
1 4 6906 6959 9889 4098 
1 2 4098 10024 
1 5 10024 10109 4065 11956 1176 
1 3 1176 11956 12038 
2 4 1176 7068 7198 4182 
1 3 4182 10009 9979 
2 3 4182 13231 7183 
1 2 7183 1048 
1 3 4182 13231 10094 
1 4 4182 7198 6744 875 
1 3 7183 1178 875 
2 6 9764 6812 6966 13223 3954 3816 
2 4 3816 9813 11821 915 
2 7 3938 9767 6993 9785 11766 813 3816 
1 7 3816 6878 6903 3902 11852 13233 740 
1 4 885 11852 13233 740 
1 5 3938 3794 9800 9846 11825 
1 4 11825 6936 903 885 
1 6 11825 4024 3920 726 3729 11707 
1 7 11677 11840 3725 3727 3918 918 11825 
1 5 11707 6749 9703 11688 740 
2 7 7183 4080 11749 6954 931 9925 13230 
1 6 13230 9839 9917 11820 896 3938 
1 8 1176 4095 12083 9828 9778 13229 13224 3938 
2 4 11825 9846 13232 6867 
1 5 6867 13221 11756 9839 13230 
1 5 6867 874 845 889 9817 
1 6 13230 9877 3926 844 924 11805 
2 4 10024 1093 9903 832 
1 4 832 11884 9889 4098 
1 5 832 942 9757 6914 3938 
2 4 875 3871 3810 6948 
1 5 6948 985 11780 6866 13230 
1 6 6948 6832 6800 13229 13224 3938 
1 5 3945 6879 9852 6914 3938 
1 6 6906 3799 871 7213 11737 3816 
2 5 3325 3260 6393 14528 6287 
1 3 394 6235 6364 
1 4 241 11360 11318 9335 
1 2 9335 6336 
2 4 6469 3512 9363 6241 
3 2 6241 391 
1 3 391 68 3314 
1 3 6241 6286 6336 
3 2 391 9498 
1 2 9498 3262 
1 3 6598 11419 3262 
3 2 6598 516 
2 4 587 9522 11562 11519 
1 4 11519 13068 13877 516 
2 4 6583 11435 11470 11494 
2 3 587 3547 11494 
1 2 9559 6583 
1 3 516 13876 6560 
1 4 516 13876 9536 11483 
1 4 11548 575 11483 11606 
1 2 485 11563 
2 4 11506 9534 6585 11420 
1 3 11420 9500 11548 
2 5 11563 9578 3549 9534 11506 
2 8 6449 3579 11535 6599 9578 3549 9534 11506 
2 4 11506 13875 9523 512 
2 4 3671 9492 6533 512 
2 9 9495 527 3495 3509 11463 6547 13772 13875 11506 
2 5 3552 6572 9525 11508 9495 
2 4 11465 503 9478 3671 
2 5 542 6536 9510 6758 11465 
2 5 620 3626 651 669 3671 
2 7 9737 11565 595 11582 629 11596 3671 
1 5 9737 11565 595 3598 620 
2 6 6766 11702 6775 11720 9717 9737 
2 3 740 6756 743 
1 4 743 9710 6777 9737 
2 5 743 11697 11699 12169 6766 
2 6 6766 11702 6775 9734 9751 620 
2 4 9824 9853 3946 6960 
1 4 6766 943 9723 6960 
2 5 6960 9898 11877 11849 11834 
2 2 11834 911 
2 4 911 3928 14413 9909 
2 4 6788 3772 11891 9909 
2 9 11834 11849 958 11713 780 6784 3589 9590 6613 
1 3 3594 11593 6613 
2 6 3594 9607 11576 6648 3621 620 
2 7 6960 760 11709 3754 769 9748 3594 
2 6 3594 9609 667 9644 6518 512 
2 4 6613 14513 648 3652 
2 7 11506 13773 11491 3506 817 3669 3652 
2 2 3652 9642 
2 3 9642 6698 698 
2 12 11506 13773 11491 6949 551 9490 3533 6531 13716 6698 698 678 
2 3 678 6529 9503 
2 5 9503 1346 3629 11502 9559 
2 5 13011 11549 11518 13773 11506 
2 5 11420 454 9561 3402 13011 
2 3 11531 11502 9559 
2 3 11516 1346 9503 
2 10 11506 13773 11518 6949 551 11732 6545 13874 5291 11516 
2 6 6780 9745 11573 6639 14514 6613 
2 5 6788 771 9741 11730 6780 
2 5 6780 11730 9741 776 3780 
1 4 6788 3773 6790 3780 
2 3 9620 9638 678 
2 6 3780 607 6635 636 9618 9620 
1 3 663 9638 9620 
1 3 663 11640 6712 
1 3 663 11623 6680 
1 4 9515 9681 3703 9665 
1 4 9665 11651 13770 11666 
1 5 11666 13768 13767 6690 9648 
1 7 3673 6687 9679 6690 13767 13768 11666 
1 5 9648 9679 9650 3684 9665 
2 6 11584 6656 3657 6673 14586 3673 
1 4 6626 628 13868 11584 
1 6 6626 11595 9613 6673 14586 3673 
1 3 688 3684 9665 
1 4 673 11634 3675 688 
2 6 3780 9584 9600 3641 11601 663 
2 3 603 3604 11584 
2 4 603 3776 773 3780 
2 6 673 11618 9630 11598 9598 603 
2 4 603 3776 11734 6606 
1 4 6606 6793 9582 11584 
1 4 3780 6790 9752 6606 
2 2 6606 782 
1 4 782 9924 967 925 
2 2 6788 6973 
2 2 9904 11751 
1 4 11751 6862 6875 11833 
1 3 11833 6946 6973 
1 4 9907 1616 6985 6606 
1 5 9907 9879 9750 6862 11751 
1 4 925 6926 9794 9904 
1 3 6831 9838 925 
2 4 11837 9784 6843 883 
1 4 883 6939 3966 6831 
2 3 819 11803 883 
2 2 11846 9904 
1 4 11846 923 9826 819 
2 8 9990 12066 3901 10027 3968 851 955 819 
1 2 11998 11837 
1 6 9990 12066 12098 10027 9856 11837 
1 3 4159 14522 4014 
2 4 4159 1156 3857 10074 
1 5 11773 11874 11824 9772 6891 
2 6 383 3307 6412 9362 6345 9279 
2 4 11380 11082 161 6050 
2 10 9279 11376 9300 9410 9251 9329 9406 6397 9393 11380 
2 12 383 6331 3286 3375 3063 6188 9209 9109 11188 11082 161 6050 
1 6 9279 11376 6120 11160 11327 11215 
2 4 6296 14727 6229 6376 
2 5 9340 14722 6222 6342 6376 
1 3 9262 3354 6376 
2 5 3320 9295 11342 13852 310 
1 5 9340 10323 11222 7482 310 
2 5 514 6559 11432 6440 11542 
1 4 9692 6739 13769 11666 
2 4 9692 541 3484 11539 
1 4 11539 9551 9567 3583 
1 5 11539 581 13904 3550 6573 
1 6 9692 541 11679 9690 13766 9660 
1 7 9660 11663 9676 6720 3700 13768 11666 
1 7 11581 9611 3670 682 6703 13763 9660 
2 4 11581 3654 6650 9627 
1 3 6626 599 9627 
2 7 9627 6650 3654 596 9646 13869 9648 
2 6 11581 3654 596 9646 13869 9648 
1 6 9660 13763 11625 6700 9621 619 
1 6 619 6647 9595 624 3596 11581 
2 4 619 3617 11580 11586 
1 4 9606 11787 3617 619 
2 3 3601 3592 11581 
1 6 6626 599 11735 13286 11564 3601 
1 6 3924 13323 14583 984 6611 3601 
2 6 3882 11832 11857 14473 9906 9602 
1 4 9602 6634 11583 11586 
1 4 11818 3526 3833 3882 
2 9 11818 10163 3844 6930 863 976 1109 3988 4109 
2 5 9602 11887 11868 965 949 
1 8 949 3971 3952 3819 6842 9769 649 9783 
2 4 949 3908 3937 6923 
2 7 6923 9862 13834 11842 6895 13759 9833 
2 2 3663 9617 
1 4 657 6677 11603 9617 
1 10 3663 9651 11652 9701 6747 3741 744 6584 11534 577 
1 8 3663 3636 3639 637 3645 11657 3649 9606 
1 9 3663 660 6695 6709 11639 676 11622 693 6711 
1 3 6711 3709 3696 
2 7 3696 11644 699 6716 716 13766 9660 
1 3 746 713 3696 
1 5 6573 13845 11691 14667 746 
1 2 3288 6314 
1 3 6314 3354 6376 
1 4 3288 13214 13595 13880 
2 10 3152 496 3074 3174 11291 9501 3388 10493 9240 9340 
2 5 3152 11426 11127 11443 4640 
1 8 3151 6174 11080 181 3120 126 14717 4640 
1 4 11105 6108 9194 3083 
1 6 9206 9100 3060 13801 13799 3151 
1 5 9206 6082 11056 9183 9073 
1 6 9073 67 9167 6144 9129 11105 
1 6 11370 277 6340 406 11391 3320 
2 11 362 389 3324 14668 13599 6347 6321 9290 6567 13878 3544 
2 8 6558 17 3381 11515 13781 11492 13785 3544 
1 2 11467 6464 
1 4 3583 9567 14673 6464 
2 9 11479 14677 13391 6522 466 6499 442 11413 9427 
2 7 11479 9558 422 3412 6546 11528 3392 
1 4 3501 13070 11333 6103 
1 4 9458 507 9239 6103 
1 6 6526 540 3463 9562 9484 3369 
1 4 3369 11471 9239 6103 
1 5 6103 9239 6221 6270 9297 
1 3 3369 7239 9297 
3 4 6103 11374 221 271 
1 5 9297 11345 6237 9315 9379 
1 7 6103 11221 296 9322 364 11382 9315 
1 5 3369 6378 377 407 11361 
1 6 377 3241 6301 3301 3205 6384 
1 3 11297 9269 9379 
1 5 6384 6335 6399 11332 11218 
1 4 351 11299 11378 9392 
1 3 11218 6320 3273 
1 3 9392 9383 3273 
1 5 3273 9383 6300 3150 11136 
1 5 3273 9383 159 11306 9075 
1 4 3379 3242 3359 11293 
1 3 3379 3242 385 
2 7 7394 9284 6313 9310 303 3342 11293 
2 4 3392 290 14680 11301 
2 9 6332 13794 395 266 9327 11386 11329 11357 11301 
2 7 3320 9274 13604 3393 400 347 11301 
1 4 11370 11216 9236 9304 
1 6 11301 347 3281 6359 13593 9304 
1 7 310 6459 3219 6326 6249 9323 11241 
2 4 11241 323 6293 11234 
1 8 11202 11097 3053 6139 181 11080 6174 3151 
1 11 11234 207 9254 11304 9319 3089 11072 11139 11032 6174 3151 
1 8 11349 11326 366 3358 11282 13312 13798 6380 
1 6 11234 9287 3235 6264 13795 11349 
2 5 11370 216 11322 3331 11220 
1 3 11220 11290 306 
1 2 11220 11241 
1 3 9289 3331 11220 
1 8 383 295 11070 69 147 3007 11184 6115 
1 7 9096 6151 9036 3094 9204 9103 6115 
1 9 6115 11078 9157 27 11037 3059 9170 6145 122 
1 4 11028 9157 11078 6115 
1 5 11028 9227 11206 9139 3022 
1 3 192 6055 101 
1 7 101 3095 11155 9226 9186 3104 9108 
1 12 9108 6083 6161 9220 11067 118 11185 6063 130 205 6126 3108 
1 10 6050 9149 3182 11091 9117 49 9051 125 9035 3108 
1 5 9197 11068 79 6174 3151 
1 7 9197 70 11059 11153 6057 90 11159 
1 10 11159 9118 3033 11092 155 11175 6021 94 9195 3189 
1 9 3189 86 3008 9162 3121 6181 9201 11117 3134 
1 8 11105 9129 11172 3025 6138 9038 6013 3122 
1 5 9073 11138 9056 9163 141 
1 9 11202 415 592 9485 6408 3388 10493 9240 9340 
2 13 306 3362 6387 9272 11254 335 401 3327 3391 11282 13312 13798 6380 
2 4 11370 216 386 3350 
2 2 6373 3350 
1 3 6373 13841 9288 
2 3 9289 3378 6373 
2 7 6593 441 9466 11453 3203 6319 6373 
2 4 6593 3470 11543 6435 
2 8 476 6429 3457 6509 3483 9454 9558 11479 
2 5 6593 11514 11464 13856 476 
1 5 577 11550 11411 491 11479 
2 8 476 9423 9576 13838 754 13837 741 11670 
2 5 476 9481 11490 504 525 
2 8 3686 705 3722 568 737 3573 588 11405 
1 2 11405 11437 
2 9 11437 6423 6451 3452 458 11438 9465 504 525 
2 6 11437 453 472 3449 3466 6474 
2 4 6474 6493 9430 9417 
2 4 3672 3682 6701 3668 
2 6 7661 7495 4458 7624 4463 3668 
2 6 1599 1530 3658 14658 772 3653 
1 9 7661 1536 4614 4477 14643 11674 1539 14659 1599 
2 2 413 3527 
2 10 9417 11434 11450 11459 3519 3540 6591 11412 11475 3527 
2 6 6474 3479 502 6530 3531 418 
2 6 3527 9552 9489 11439 3409 418 
1 6 3580 558 3492 9449 9556 418 
1 4 11504 3557 11397 418 
2 7 525 11557 9543 11530 9519 559 11504 
2 4 525 11557 6458 11489 
2 6 11489 3480 9506 546 13855 9288 
2 8 11489 6508 9566 3225 288 6330 3306 3335 
2 12 3335 6252 9301 11284 11235 11300 382 3263 6348 6414 13796 6380 
2 4 3580 9260 9328 9355 
2 5 9355 9411 11242 3292 6262 
2 5 6262 6396 6290 9348 6414 
2 3 413 6341 6398 
2 5 11248 3356 6279 6230 6398 
2 7 11248 11379 11268 9282 3290 301 6380 
2 11 11248 11294 9273 9245 11381 11351 340 313 9422 3465 11408 
2 8 6380 13797 9378 9278 6356 9345 11205 121 
2 7 9131 2996 9168 2 11099 9122 121 
2 4 9197 70 11174 3140 
2 10 3140 172 9107 3163 11083 3085 6189 3124 11213 9131 
2 11 11375 9389 14719 6392 3268 3370 280 378 11362 301 6380 
2 4 11344 3303 14720 11375 
2 4 9258 9409 6382 6328 
2 6 9258 9286 6391 11262 11394 11344 
2 10 6338 14694 11356 9373 6253 6374 3224 3352 11277 11344 
2 10 11225 9243 6275 6226 6302 3276 286 3317 11269 9258 
2 8 11225 11348 393 3357 3330 6515 9420 12128 
2 9 11225 11377 11256 3265 4324 12172 3289 273 291 
2 6 9292 12157 10329 12117 1278 291 
2 5 9292 1233 12287 10133 1821 
2 6 10253 7370 4294 1254 4322 3563 
2 10 10253 12294 1314 1220 4303 4374 4300 7243 7600 7657 
2 7 6338 260 9336 3251 3300 6388 6352 
2 12 1821 10133 7320 3280 361 10314 10286 1380 206 7403 4400 6352 
1 4 7375 11228 11307 13950 
2 10 7375 11352 7346 12203 9293 370 3027 3139 272 6124 
2 15 6124 9370 6191 3103 3066 73 11075 9200 9136 6180 6077 3056 11143 2996 9131 
1 5 12333 10510 10359 7563 7477 
2 5 3951 6808 9806 11784 11747 
1 4 3951 6871 11811 11829 
2 3 9878 3983 3951 
1 6 9878 3876 11860 940 9755 6807 
1 5 6807 9763 9830 961 11746 
2 5 1821 9553 1543 10189 14702 
2 3 9292 1327 1292 
1 3 399 3277 3325 
1 4 3325 3277 14525 6364 
1 5 399 3277 11251 317 6389 
2 8 1292 1775 1294 1694 7874 10568 1709 10696 
2 8 10696 1709 7800 4780 12521 4209 1387 14702 
2 6 10696 12679 1733 1860 7825 7274 
2 7 7657 12329 7597 12397 10148 10601 1459 
2 5 1459 11687 4629 10671 12161 
1 7 12333 7491 10357 4482 10742 1632 12161 
2 7 7274 4866 7757 12631 7886 7815 4724 
2 9 4797 12540 10661 10549 1813 1876 12621 12691 4724 
2 8 4797 4837 10528 7835 14574 1696 4705 12641 
2 10 12189 10466 11643 6686 664 6684 11750 6989 14587 957 
2 6 7642 4434 4621 1425 4406 7381 
1 5 7642 10135 12293 4390 4608 
2 5 10297 4412 7427 4424 12299 
2 18 10297 1376 12215 7342 1291 12144 7236 4371 1337 4312 12201 1281 1308 4388 12220 12122 1427 7408 
2 9 7408 10250 10221 12173 10411 7572 7353 7492 1488 
1 4 1330 12127 4336 1403 
2 4 1330 10154 14448 14447 
2 8 1492 12404 12449 14450 14431 1417 12127 1330 
1 7 4425 1082 12464 14445 12492 10386 1492 
1 2 4075 4119 
1 9 1319 7446 4501 1522 12319 10075 12075 14601 4075 
3 2 1182 9998 
2 3 9998 7157 7087 
2 3 7087 12097 10125 
2 2 7072 11960 
2 5 10125 7187 4172 4142 11960 
2 3 7072 12031 7212 
2 3 7212 11946 1092 
2 3 1092 10052 11985 
2 2 11960 1136 
1 2 7072 1136 
2 8 1136 9985 10055 1167 7145 1191 7050 11985 
2 2 1025 7110 
1 2 7110 9950 
2 6 4102 1183 12006 11925 4164 7110 
1 2 11985 1025 
2 5 11960 4142 4172 7102 10032 
2 7 1182 4188 4100 7016 4118 1024 7169 
2 4 7169 12056 3848 6994 
2 6 1117 11930 4067 1063 9865 6994 
2 2 12007 1117 
1 3 12007 10128 10032 
2 5 10125 7187 10015 11989 12007 
2 5 1182 1097 11908 11989 12007 
2 3 3962 7532 10444 
1 3 10444 10512 12421 
1 3 6994 9859 3962 
4 4 4056 4086 1081 11977 
2 3 10110 4126 11977 
4 4 11977 7204 13507 7125 
2 6 6928 10083 848 9981 13487 7125 
4 7 4052 10065 11915 12040 13489 13487 7125 
4 5 4052 9790 912 11835 6981 
4 6 6981 3970 3839 3895 9885 11771 
2 4 11771 987 9781 11764 
1 5 1150 6851 3783 964 11764 
2 3 9843 11761 10068 
4 10 11771 6951 11815 9835 6837 11886 3900 1052 12043 10068 
1 6 1069 7189 11980 11944 4137 10068 
2 5 9843 4140 12026 7109 4190 
1 5 1069 12045 4071 7089 10000 
2 5 1069 4037 12015 9995 12055 
1 8 12055 11973 10040 11916 7094 10008 4148 11913 
1 3 10076 12052 14390 
1 4 10076 7120 11982 11913 
1 5 7191 4042 14391 12076 14390 
1 5 9974 7058 1096 11991 7191 
2 6 9958 1139 7074 4058 12062 4190 
2 8 4619 7167 9934 7580 7568 12012 10364 9958 
1 4 4619 4631 9999 7097 
1 3 10062 7108 1047 
1 6 12055 7025 7085 10098 7656 9958 
2 5 12068 1091 11959 7214 7186 
1 9 1047 12095 1120 9970 11918 7159 12350 13143 7097 
1 3 9991 12010 11968 
1 8 12366 1497 14441 12423 14432 9993 11929 11968 
1 10 4245 14507 10077 4644 7662 7565 10389 12338 14472 4435 
1 9 7455 10349 10389 10443 4616 1609 10077 14507 4245 
2 8 4516 4544 7537 7593 4644 10077 14507 4245 
1 7 12307 12035 1444 7220 4062 14507 4245 
1 6 10060 1101 4104 4062 14507 4245 
1 5 10060 10116 12462 11978 10001 
1 5 10001 10255 4237 1228 7340 
1 5 7340 4280 12114 4472 8087 
1 6 10278 12180 10152 1430 4321 7340 
1 4 10278 7436 1268 10246 
1 3 10246 4416 7265 
1 4 10278 1344 12734 8011 
1 5 10246 4416 1409 7288 1321 
1 8 10278 1344 12734 10808 8067 7363 10274 7447 
1 4 7447 7391 10190 7244 
1 4 8011 8100 10208 4278 
1 4 8011 8100 4414 10756 
1 4 10756 10259 5104 8087 
1 6 10278 1344 7310 12779 10296 10756 
1 4 10756 10259 5104 1359 
1 3 8087 10324 1359 
1 5 1359 12142 4353 10270 1349 
1 8 4278 12105 7250 12295 10210 12182 12269 1349 
1 6 1349 7013 4187 7150 11952 9975 
1 5 4516 1569 2005 7938 5040 
1 3 5040 5055 12137 
1 4 5040 4045 2036 12137 
1 3 4516 10751 9973 
1 4 9973 4299 1377 12137 
3 4 12137 5086 10794 2086 
2 6 2086 2032 10729 12822 12005 10887 
1 7 2086 12868 2002 10772 10066 9084 10887 
1 3 10887 9084 8007 
1 3 3456 10108 4110 
1 3 4110 7084 10735 
1 3 10735 8098 5105 
1 4 10735 1971 10898 8007 
1 4 10887 4979 8022 12763 
1 4 9975 1144 7207 4132 
1 10 10401 7574 9946 10428 1538 1059 7220 4062 14507 4245 
1 5 10401 12420 4557 4883 10030 
1 6 1349 7013 4072 7060 7430 10030 
1 6 10030 4950 11995 4953 5096 5040 
1 4 14145 7344 14147 10201 
1 4 5105 8013 12761 5075 
1 3 2089 14287 8001 
1 5 8001 2004 7994 14614 2097 
1 5 2097 3795 1600 12372 10106 
2 6 11746 11810 806 3889 13812 12473 
1 7 4111 4550 14186 14288 14188 7140 12473 
1 4 4111 4550 14628 792 
1 4 1065 1201 13319 4206 
1 3 4111 1074 13814 
1 4 1086 13308 13319 4206 
1 4 7151 7170 13320 1065 
1 6 4206 4088 4161 11979 1155 12049 
1 2 4073 12049 
1 2 7011 12049 
1 2 11829 9833 
2 5 7433 10320 4417 7345 4345 
2 10 7433 1284 12291 4362 7379 4432 1424 7304 7644 7361 
2 9 4285 4342 1282 12221 10174 10320 4417 7345 4345 
3 3 4345 4270 3778 
2 8 3775 6797 9580 11567 3605 6625 4270 4345 
2 13 9450 6713 11641 11685 9684 6769 11669 9724 9711 722 11695 3763 3775 
3 6 3778 3635 3661 9634 6676 6510 
2 13 6510 9467 12278 12582 602 777 10718 4775 7899 1769 4875 4426 4872 
2 12 6510 9480 1299 4869 1782 10718 7794 13094 11571 4875 4426 4872 
2 4 12603 14573 10611 4739 
2 5 4739 9669 6726 515 3010 
2 7 4872 12688 3721 12593 12663 3481 4739 
2 5 12603 1788 3721 12688 4872 
2 7 12603 14573 10611 11440 14570 10684 3706 
1 8 3706 4765 4877 4343 7853 7753 4428 1408 
1 8 3010 6754 1347 7761 1737 10273 1858 1408 
2 4 1408 4428 10157 7315 
3 3 7315 12214 10327 
2 4 7315 7386 10271 12211 
2 2 12603 4759 
2 4 4759 10709 1752 3719 
4 4 3719 10618 6752 1866 
2 2 9450 12357 
2 8 12357 9657 926 1760 10526 3699 1719 1866 
2 6 1866 4807 4664 10341 12456 12357 
2 9 9450 12368 6737 11589 1560 10341 4664 4807 1866 
1 7 9450 6713 11641 695 691 11656 6710 
2 7 6710 9724 9711 722 11695 749 11654 
2 5 9450 6713 9654 11637 689 
2 4 689 3685 9825 6890 
2 5 6890 882 3687 6707 11654 
2 3 6732 3906 9832 
2 8 3878 6911 3806 11665 10381 11662 7345 4345 
2 5 3878 9847 6909 11830 9832 
2 2 3878 6882 
2 3 6882 3863 6845 
2 3 6845 3824 6984 
3 2 6984 3957 
2 5 3957 873 3823 11841 10412 
2 8 6845 6869 11785 9804 847 3850 880 11800 
2 4 6855 827 9808 11800 
2 11 9450 6713 9653 870 11791 3872 659 3853 6874 9808 11800 
2 6 1595 9796 831 11776 11760 6855 
2 2 1595 4527 
2 11 4527 4601 9775 9760 7528 3975 801 9923 6823 6929 3957 
2 6 12211 3513 12183 7865 12553 9616 
2 6 1866 9880 7536 12577 12646 12586 
2 9 9450 12312 11589 10478 7306 12418 11788 10666 12586 
2 6 12586 7852 3855 3613 4760 4723 
2 9 9450 12368 6737 10393 7539 1586 1678 9892 12586 
1 6 1595 4531 4437 10461 9682 9450 
2 10 11654 734 3733 3702 9708 1436 9693 3806 6911 3878 
2 4 6696 1881 10448 1595 
2 4 6696 12709 12568 9727 
2 3 4527 1445 9727 
2 4 1572 12381 1480 11975 
2 6 1843 9834 10489 866 12439 1572 
2 3 1572 1584 7388 
2 6 1572 12353 1433 12470 10492 12384 
2 3 12735 7422 492 
1 4 12384 7583 860 492 
2 3 492 10520 7480 
2 3 7552 7524 4464 
2 3 7552 1453 10449 
2 4 7552 1453 1643 1528 
2 5 1528 12401 6968 9829 3960 
2 4 3960 10861 10504 10337 
2 6 10337 1500 12313 4507 4535 7552 
2 5 10337 12410 4884 2042 6785 
2 4 10337 12341 1927 12782 
2 5 3960 7981 5022 1927 12782 
2 3 6785 12369 5015 
1 3 5015 10769 12835 
3 5 12782 6987 5061 2060 12835 
1 2 8097 10740 
2 3 12835 7973 8003 
2 3 8003 10916 10830 
2 3 10830 12745 8097 
2 6 12782 2019 12728 5038 10894 10740 
2 4 12835 12721 2083 5021 
2 3 1965 2011 4956 
1 2 4956 5021 
1 5 12835 12721 1952 13336 4956 
1 2 4956 10172 
1 4 1965 2011 2008 10172 
1 4 10172 12804 10853 8003 
1 4 1965 12755 4887 13089 
2 2 3834 853 
2 5 3834 7920 5044 12791 10740 
2 4 4908 4977 1945 8057 
2 5 13089 12746 12873 10895 8057 
1 3 8032 2051 13089 
2 4 12753 8236 10773 12810 
1 4 12753 14745 14743 10886 
2 3 3960 9829 5001 
2 6 5001 7485 12458 12489 4444 1646 
2 3 7202 1547 11975 
1 4 10412 3925 11738 788 
2 5 7202 10029 7012 4491 7138 
2 7 12384 638 10394 1485 4653 4491 7138 
1 9 7202 7012 7134 11927 7083 7045 11783 6943 788 
1 4 1132 4168 6943 788 
1 4 7138 7083 12054 1132 
1 5 10412 9931 12445 10081 7138 
1 3 4464 7668 7480 
1 5 3957 951 11873 10343 7646 
1 5 7646 7466 4627 12637 9727 
1 3 9727 1582 913 
1 7 7622 10498 7451 10374 4476 7546 1550 
2 3 8252 5051 12798 
1 3 913 7791 10909 
2 3 12384 5090 10909 
1 4 12735 12803 968 10909 
2 4 12735 10192 10824 12501 
2 4 12501 1987 10615 7797 
1 2 1646 7797 
2 5 12735 1587 10753 7464 7797 
2 4 10449 10410 4510 1646 
2 4 6696 6974 12670 12501 
2 6 1595 12437 1604 7626 12305 4569 
2 7 4569 12305 10457 12497 7611 9682 9450 
1 4 4569 1621 12361 10717 
1 3 10717 1564 1534 
1 5 4569 12346 12463 10370 1534 
2 5 4569 4449 4540 4625 7797 
2 10 9450 12368 6737 10339 1527 4590 7449 7607 12361 10717 
1 7 1866 9880 1867 12667 12620 3750 1747 
2 8 4723 10640 10711 1815 12651 1851 12585 4860 
1 3 4860 10593 10624 
2 4 12211 3513 4328 4274 
2 5 3588 6665 3471 10151 4274 
2 4 4274 4347 4331 3588 
3 3 3588 9697 9713 
2 4 9671 3677 6699 9713 
3 5 9713 6699 6694 6876 4518 
2 4 4518 9911 941 10387 
1 3 10387 10483 9814 
1 4 9814 11757 7517 1562 
1 3 1562 12374 7986 
2 3 7986 8115 853 
1 4 10387 12303 4727 7986 
2 7 10327 12673 12124 3781 6742 7779 4860 
2 11 4860 12572 4857 7880 1767 6722 12566 1836 4772 1752 3719 
2 4 10624 4863 7883 4759 
2 8 10327 1690 1832 4838 1854 1857 10593 10624 
2 5 10717 7834 1352 7892 4740 
2 4 1534 9802 4811 4740 
2 3 1534 2043 1806 
2 6 3960 2082 8025 5103 1618 1806 
1 3 1806 7904 10798 
1 3 10798 11802 4740 
2 5 3960 9920 5085 3875 3972 
2 3 10798 10702 3972 
2 5 4740 11802 7762 2055 3972 
2 2 3972 9908 
2 5 9908 12624 4586 10340 4740 
2 6 9908 12893 10867 8070 3867 10740 
2 4 10740 12791 3883 4975 
2 3 4975 10642 12627 
2 5 4740 10340 4586 1738 12627 
2 3 12627 10588 1827 
2 10 10717 7834 4757 12513 1753 10532 4871 12570 12642 1827 
2 9 10717 7834 1352 7892 12024 4814 4586 1738 12627 
2 3 1827 7780 4723 
1 3 853 1793 11814 
1 4 11814 4799 4657 10387 
1 4 853 7747 6897 10573 
1 4 10573 10645 12552 4975 
1 4 10573 7821 12765 11814 
1 9 12627 9792 868 1658 6887 1756 4742 10662 4865 
2 8 4865 10651 12573 12699 850 4799 4657 10387 
3 9 4865 10651 10591 7827 4736 10422 11698 710 9713 
2 3 4865 10582 12535 
2 4 12535 1789 10556 9616 
2 6 12535 7888 12633 12561 10640 4723 
1 4 1814 4804 12617 12604 
2 8 1814 4804 12617 7783 1713 7887 1565 4543 
1 4 1814 4804 7692 1801 
2 4 2197 5195 2203 2211 
2 5 7798 4776 12932 12924 12910 
2 8 7798 12576 7755 1667 10455 10682 12435 12406 
2 10 7564 7535 7522 4481 12308 7651 10487 10460 4560 7566 
1 4 1454 12104 1431 7669 
1 4 12364 1555 4573 7621 
1 5 12364 10402 12394 12409 1639 
1 4 12364 10402 12394 10418 
1 7 12364 12351 10390 8208 5184 12970 8215 
1 3 8215 10992 650 
1 2 650 8222 
1 4 650 5191 8194 5228 
1 4 5228 11000 5171 12994 
1 4 12994 8217 13346 5131 
1 4 650 8229 8251 5121 
1 3 1639 12494 10935 
1 3 12364 12351 7500 
1 3 7500 10985 12942 
1 5 8187 10943 12453 10515 12364 
1 6 8187 8238 2173 14153 14155 2152 
1 5 10362 12496 1613 1626 4604 
1 6 7500 5163 10975 8255 5143 8216 
1 3 5131 2174 12930 
1 6 8216 10965 2224 5229 10987 12930 
1 3 12930 8157 5230 
1 5 5230 13195 10952 13356 13086 
1 2 2210 2182 
1 3 4604 4589 10447 
2 7 4604 4589 7594 1542 1529 5156 8181 
1 4 8181 7553 10947 10513 
1 2 10513 5112 
1 4 10513 10432 5172 10980 
1 5 10980 8190 12996 2153 10999 
2 5 7476 8148 12334 5172 10980 
2 8 10513 10947 12972 5186 12937 2181 10959 8189 
1 6 10513 10947 12972 5186 7636 12977 
1 2 10946 8143 
1 4 10998 5182 10967 5168 
1 2 5168 2227 
2 8 4696 12547 14018 14017 10415 14014 14011 12589 
2 7 1509 5203 5189 14035 10963 14309 4879 
2 3 1509 14031 10697 
2 5 4696 14015 4822 14219 10697 
1 11 10400 14261 14255 14248 14238 14234 12064 14232 14225 14028 1468 
1 5 2213 14250 14257 14263 10400 
1 3 7576 14028 1468 
1 3 4696 14010 1833 
1 8 8245 14264 10566 5106 14278 14275 14270 10400 
3 2 10697 5231 
3 9 10400 14261 14255 14248 14240 14230 12648 14227 5231 
2 3 4879 2207 14308 
2 5 2120 14516 14303 13641 10929 
2 3 5231 14237 14245 
1 5 13648 1874 14299 7872 5199 
1 8 191 13883 4515 1516 1929 9986 7716 12775 
2 6 14245 14266 14274 10525 14284 13648 
1 3 10968 12925 5117 
1 5 2196 8205 12911 10932 8144 
1 3 5160 10860 1939 
1 4 1939 5196 14539 5210 
2 3 7011 10005 11964 
2 5 4076 7164 10073 10005 7011 
2 2 7011 3996 
2 4 3996 4055 1068 10031 
2 4 10031 7144 11974 12044 
2 5 11999 1064 12071 1151 12044 
2 3 8105 10745 7989 
2 2 7989 2046 
1 3 2046 2003 12725 
2 4 12806 12881 13910 2046 
2 5 11921 4129 7162 7180 11969 
2 2 9994 11969 
2 2 12051 7081 
2 6 7081 1160 4163 1046 7180 11969 
2 6 12051 7065 4046 7166 11939 1145 
2 5 1145 9964 12760 11923 7132 
1 6 7132 4150 7008 12018 12842 10731 
2 7 7132 4116 989 1111 4097 11987 7100 
1 5 7100 1194 10113 13907 9945 
2 3 7100 10070 7069 
2 4 7069 10023 4139 4108 
1 5 8124 13989 10775 8036 13982 
1 7 4948 14089 14091 12710 13948 8015 2012 
1 6 2050 12731 12817 1932 1969 4972 
2 5 9570 6462 9511 14688 11467 
2 3 9817 11673 6734 
2 4 321 11305 9320 9347 
1 3 3522 11359 11219 
1 6 3522 9238 9264 6298 6325 9347 
2 7 2086 2054 1908 4984 10847 1980 4110 
2 7 2086 2054 1908 4149 12886 1103 9975 
2 10 5040 7938 10332 10471 1637 12452 7593 4204 14507 4245 
1 9 3022 6038 3111 11049 3162 11052 46 9154 3108 
2 7 3583 6562 421 583 9429 13777 11542 
1 3 421 3553 3569 
1 3 3569 11511 9692 
2 8 11666 9527 11525 569 494 9429 13777 11542 
2 3 1965 8089 12810 
2 4 4908 10765 8012 3834 
2 3 7859 12435 12406 
1 9 12406 7520 10388 4478 4658 10500 12451 10430 7564 
2 4 8186 5225 10925 12910 
1 10 12406 1537 10427 12377 11019 2114 8249 5211 5225 8186 
1 9 6928 3981 3852 6922 959 6822 898 6944 9897 
1 10 10433 9782 10503 12482 11906 6811 810 3977 14587 957 
1 8 9897 973 9766 6811 810 3977 14587 957 
1 8 4572 7663 11864 9913 9928 11893 6964 9897 
2 5 11771 11808 916 4642 4572 
1 4 4572 4503 7652 10433 
2 3 10433 7582 4506 
2 11 4506 12485 4876 13150 14666 14664 7743 10612 4719 4677 12641 
2 7 11771 846 9831 930 4633 4561 4506 
2 7 4725 10655 7801 12678 12261 4805 12189 
1 10 4725 7763 12657 10678 7851 12543 4832 12556 10574 12641 
1 5 4506 1588 12618 7832 4725 
2 7 11666 9527 6552 543 9541 9421 11542 
2 8 11544 9416 3474 11404 586 9555 6418 11542 
2 4 6384 6318 14530 9379 
2 4 351 11270 9332 9379 
1 4 12051 9976 12034 9943 
2 6 6583 9418 9444 3516 13877 516 
2 6 13011 9472 13081 3516 13877 516 
1 8 11459 500 509 9516 533 9504 13774 3529 
1 9 3529 13774 9504 3582 9436 11485 3539 9564 11408 
1 7 9878 6945 11796 3927 6992 7130 4112 
1 5 6912 11778 9921 928 4112 
1 5 3951 11831 856 785 9921 
1 4 979 6938 9844 11747 
1 5 9777 3903 3935 9915 11894 
1 4 3870 921 6977 9777 
1 5 11747 804 3862 3807 3870 
1 3 7620 6813 3889 
1 8 10472 14627 11853 14624 9868 6919 3950 9777 
1 3 1052 900 6969 
1 4 6969 3955 9768 4495 
1 3 4495 7674 1608 
1 3 6747 723 3707 
1 3 3707 11686 13837 
1 7 3452 409 6597 3575 3757 754 13837 
1 6 3122 11065 3172 66 195 11121 
1 5 9206 11162 3050 6150 3187 
1 12 3187 3030 9061 3068 9169 193 6146 11079 9233 9106 6212 11121 
1 5 141 6078 9104 3125 6146 
1 4 9056 11033 3119 6138 
1 9 9108 6165 6125 9147 11125 11164 11081 158 11121 
1 9 9753 6620 11429 9455 6486 6516 520 11474 3529 
1 8 9958 1004 11931 6932 12713 1976 12156 10733 
1 11 10137 10309 4379 1302 7280 12297 4397 10016 11936 1185 4075 
1 6 4401 12232 10232 12204 1285 10162 
1 3 7151 10089 4017 
1 3 7151 7170 13814 
3 5 6521 11505 3207 13791 6282 
1 9 191 13883 13882 1968 7548 2126 14511 10966 12958 
1 4 191 14433 12504 5199 
1 2 13610 11584 
1 11 14098 14097 14104 14110 7758 12698 14112 14111 7788 14105 14101 
2 4 11606 3476 454 11420 
2 2 9434 11563 
2 7 9737 11565 9597 6657 9631 11616 11465 
2 5 9417 585 9744 3765 9709 
1 4 6783 765 3765 9709 
2 6 11633 11678 9694 14656 735 9709 
1 3 3672 683 6730 
1 9 9663 9696 3698 14639 3720 6738 11681 735 9709 
1 2 9647 685 
2 3 11633 6718 9647 
2 6 3672 14649 670 14650 14652 9647 
1 5 7661 1536 4614 11704 14641 
1 5 12441 12380 14644 14659 1599 
1 5 12441 3564 12320 14640 6997 
1 3 12441 13756 10472 
1 7 9777 9761 3890 7620 9860 876 4512 
1 9 12473 13812 9893 9823 11871 12387 1549 10804 10106 
1 6 12161 7639 756 12239 12722 1384 
1 4 14658 9592 11599 11617 
2 23 10148 4686 12640 7706 10603 4773 10146 1591 14500 10547 7795 10550 10680 14494 7784 12635 10584 12594 11410 1794 1297 10652 7274 
1 8 12161 10671 4629 11687 10187 14662 14663 1483 
1 6 7874 12619 1418 7298 10211 4333 
1 4 12679 4806 1797 7708 
1 2 1483 2058 
1 2 1483 10408 
1 2 10256 4411 
1 6 12128 12298 1210 4261 4215 4411 
1 5 4411 7401 12229 10213 9292 
1 6 11666 13769 6739 3718 557 3569 
1 7 11539 3537 9537 3731 716 13766 9660 
1 6 11542 9421 9541 543 732 9665 
2 6 3296 3194 3525 6222 14722 9340 
1 8 11202 415 592 9221 6099 9079 11426 3152 
1 8 6558 17 9532 11558 14671 584 506 6464 
1 4 6558 3460 3510 9570 
2 7 6558 3532 444 3473 9496 11505 6521 
2 7 6464 13212 14141 13780 9400 13785 3544 
2 8 9427 11430 6416 14674 3458 12562 13878 3544 
2 5 3544 13878 524 11274 11301 
2 9 3544 13878 12562 3521 9521 3559 9452 11441 3412 
1 6 11691 3548 11536 6460 14678 11479 
1 8 9304 11341 11285 3556 6579 535 6520 6435 
1 3 10858 13890 12907 
1 13 7097 1640 11988 7653 3992 4038 7054 1066 9944 11920 12059 11991 7191 
1 3 12055 7200 1029 
1 4 12432 7158 7631 4525 
1 4 12432 1590 6904 9843 
2 9 6558 17 3381 243 3295 13599 3351 9346 6375 
1 5 6375 14683 9398 395 13880 
1 4 4516 10361 4459 14311 
1 4 1492 14428 7562 1170 
2 3 6464 13591 9427 
1 2 6680 9655 
1 5 6680 6678 9633 11618 673 
1 4 6301 253 407 11361 
1 4 9347 3368 6257 6389 
1 4 3320 13601 13593 9304 
1 6 6573 3581 13905 13840 3410 442 
1 8 3559 11399 14580 11507 6522 13391 14677 11479 
2 4 362 389 3324 279 
1 3 279 11232 9252 
1 5 279 243 3381 17 6558 
1 4 6435 572 9558 11479 
1 3 6352 6278 12244 
1 10 3338 312 6102 3130 9187 6075 3157 9199 3175 9131 
1 6 6124 6171 9114 11025 3102 186 
1 6 7375 11228 11307 278 12527 12187 
1 14 3578 11523 9432 11421 9577 3551 9473 410 3404 11537 9526 11510 3502 3563 
2 2 12128 3563 
1 4 14694 3315 9305 9402 
1 6 306 3210 11336 6305 3226 3335 
1 9 11202 11097 95 3089 11109 9212 11191 110 187 
1 9 187 3101 11154 11084 150 3143 3077 6101 121 
3 9 187 9111 6086 6035 3072 6197 79 6174 3151 
1 9 1799 10548 12571 1712 10644 7761 1347 6754 3010 
1 4 3010 515 7787 3706 
1 3 13502 7869 13480 
4 2 7125 7221 
2 8 3335 3390 13850 371 11325 11229 9342 9288 
2 9 9288 9249 3203 215 3556 560 6415 3256 3392 
1 6 13648 14294 14295 14301 14305 10929 
1 2 10932 14452 
1 3 6997 4755 1896 
1 2 5075 2070 
1 9 5005 7953 14589 1922 5050 2065 1982 14168 10837 
1 5 10837 4580 10385 13280 13242 
1 4 13950 7228 12567 1821 
1 2 13950 10716 
2 7 7375 12216 361 3280 7320 10133 1821 
1 2 14145 7260 
1 2 14035 5154 
2 11 4190 4093 12078 12344 1519 4634 7571 1575 6932 12713 1976 
1 4 3734 3717 3760 11668 
1 5 11696 748 9688 9726 9709 
1 3 3734 6768 9709 
1 7 3734 14657 3752 765 9744 585 9417 
1 5 9709 9726 9688 748 3748 
1 4 11633 6718 731 6750 
1 6 9647 6733 6702 11632 683 3672 
1 3 10357 7560 4958 
2 12 6380 301 3290 9235 11217 214 3339 6362 6231 9360 9298 11344 
2 6 11351 340 367 3332 6353 6328 
2 5 6328 9460 11449 6450 3578 
1 3 6328 6492 11408 
1 11 9709 6781 775 3417 3443 11400 9459 11447 498 13771 3529 
1 12 8186 8220 5183 5197 12948 2191 12962 10997 1526 10983 2157 1652 
1 6 10148 4686 12640 7706 10603 12583 
1 5 10649 10580 10712 7815 4724 
